33	55	200	-90	200	29.01	0	0	0.51	0	0
33	56	79.2	0	0	99.6	0	0	0.33	0	0
33	57	27	0	0	34.78	0	0	2.65	0	0
33	58	39.7	0	0	96.62	0	0	3.21	0	0
33	59	43.5	0	0	56.22	0	0	42.2	0	0
33	60	25.8	0	0	82.99	0	0	14.77	0	0
33	61	18.5	0	0	45.82	0	0	41.03	0	0
34	52	14300	-300	300	0	0	0	0	0	0
34	53	5500	-140	140	0.36	-0.08	0.08	0	0	0
34	54	650	-140	175	0.17	0	0	0	0	0
34	55	345	-75	95	0.46	0	0	0	0	0
34	56	195	-65	95	1.09	0	0	0	0	0
34	57	270	-50	50	21	-10	10	0.03	0	0
34	58	59.2	0	0	2.33	0	0	0.003	0	0
34	59	99.9	0	0	32.23	0	0	2.16	0	0
34	60	53.8	0	0	25.41	0	0	0.15	0	0
34	61	31	0	0	13.86	0	0	3.09	0	0
34	62	32.9	0	0	24.98	0	0	1.65	0	0
34	63	25	0	0	52.01	0	0	11.59	0	0
35	51	55100	-400	400	0	0	0	0	0	0
35	52	55680	-120	120	2.6	-0.04	0.04	0	0	0
35	53	16340	-80	80	6.58	-18	18	0	0	0
35	54	4357	-22	22	13.8	-4	4	0	0	0
35	55	1850	-170	190	29	-2.1	2.1	0	0	0
35	56	615	-50	60	19.5	-2.6	2.6	0	0	0
35	57	290	-55	70	33.1	-2.5	2.5	0	0	0
35	58	69	-25	40	68	-7	7	0	0	0
35	59	70	-20	20	60.72	0	0	3.12	0	0
35	60	85.3	0	0	74.39	0	0	0.19	0	0
35	61	47.3	0	0	49.4	0	0	5.85	0	0
35	62	51.7	0	0	92.55	0	0	4.99	0	0
35	63	38.6	0	0	74.01	0	0	24.84	0	0
35	64	25.7	0	0	82.9	0	0	14.93	0	0
35	65	6.73	0	0	55.77	0	0	24.15	0	0
36	53	189000	-2000	2000	0	0	0	0	0	0
36	54	32320	-90	90	0	0	0	0	0	0
36	55	5870	-40	40	0	0	0	0	0	0
36	56	1840	-8	8	0.0072	0	0	0	0	0
36	57	1040	-75	80	1.2	0	0	0	0	0
36	58	282	-25	28	1.02	0	0	0	0	0
36	59	250	-55	75	4.4	0	0	0	0	0
36	60	220	-17	17	7.31	0	0	0	0	0
36	61	60	-5	6	6.57	0	0	0.13	0	0
36	62	42	-4	4	9.92	0	0	0	0	0
36	63	13	-6	34	20.65	0	0	2.008	0	0
36	64	7	-3	11	14.21	0	0	0.41	0	0
36	65	15.7	0	0	22.8	0	0	1.93	0	0
36	66	23.2	0	0	47.62	0	0	1.6	0	0
36	67	17.7	0	0	60.12	0	0	8.13	0	0
37	55	4480	-30	30	0.0006	0	0	0	0	0
37	56	5840	-20	20	0.13	0	0	0	0	0
37	57	2702	-5	5	0.84	0	0	0	0	0
37	58	410	-25	25	8.73	-0.2	0.2	0	0	0
37	59	220	-17	17	13.4	-0.4	0.4	0.02	0	0
37	60	169.1	-0.1	1	25.5	-0.8	0.8	0.0002	0	0
37	61	102	-4	4	13.8	-0.6	0.6	0.23	0	0
37	62	54.2	-1.3	1.3	15.9	-2	2	0	0	0
37	63	48	-3	3	5.6	-1.2	1.2	0.16	-0.08	0.08
37	64	31	-4	5	25	-5	5	0.28	0	0
37	65	37	-10	10	18	-8	8	2.24	0	0
37	66	23	-9	13	48.4	0	0	1.9	0	0
37	67	13.7	0	0	41.85	0	0	9.79	0	0
37	68	11.9	0	0	77.05	0	0	3.71	0	0
38	49	999999990000	0	0	0	0	0	0	0	0
38	50	999999990000	0	0	0	0	0	0	0	0
38	51	4368643200	-2073600	2073600	0	0	0	0	0	0
38	52	907921440000	-1892160000	1892160000	0	0	0	0	0	0
38	53	34740000	-216000	216000	0	0	0	0	0	0
38	54	9399600	-61200	61200	0	0	0	0	0	0
38	55	445800	-1800	1800	0	0	0	0	0	0
38	56	75300	-200	200	0	0	0	0	0	0
38	57	23900	-140	140	0	0	0	0	0	0
38	58	940	-60	60	0.0003	0	0	0	0	0
38	59	450	-30	30	0.17	0	0	0	0	0
38	60	640	-35	35	0.25	-0.05	0.05	0	0	0
38	61	420	-90	115	0.1	-0.019	0.019	0	0	0
38	62	181	-13	16	0.98	-0.23	0.23	0	0	0
38	63	113	-2	2	2.37	-0.14	0.14	0	0	0
38	64	85	-15	15	5.5	-1.5	1.5	0	0	0
38	65	53	-10	10	2.19	0	0	0.0069	0	0
38	66	53	-5	5	9.18	0	0	0.0004	0	0
38	67	39	-5	5	12.32	0	0	0.74	0	0
38	68	20	-7	8	11.09	0	0	0.03	0	0
38	69	34.7	0	0	28.26	0	0	3.18	0	0
39	51	230400000	-756000	756000	0	0	0	0	0	0
39	52	5063904000	-432000	432000	0	0	0	0	0	0
39	53	12744000	-36000	36000	0	0	0	0	0	0
39	54	36648000	-288000	288000	0	0	0	0	0	0
39	55	1122000	-6000	6000	0	0	0	0	0	0
39	56	618000	-6000	6000	0	0	0	0	0	0
39	57	5340	-50	50	0	0	0	0	0	0
39	58	3750	-30	30	0.055	-0.004	0.004	0	0	0
39	59	548	-2	2	0.331	-0.024	0.024	0	0	0
39	60	1355	-85	85	2.5	-0.5	0.5	0	0	0
39	61	660	-120	150	1.8	-0.6	0.6	0	0	0
39	62	510	-60	70	1.5	-0.5	0.5	0	0	0
39	63	410	-20	20	4	-1.5	1.5	0	0	0
39	64	234	-15	18	8.3	-0.3	0.3	0	0	0
39	65	198	-30	30	34	-10	10	0	0	0
39	66	107	-9	6	22.41	0	0	0.0006	0	0
39	67	82	-5	10	22.42	0	0	0.5	0	0
39	68	33.5	-3	3	31.66	0	0	0.17	0	0
39	69	30	-5	5	33.05	0	0	1.96	0	0
39	70	25	-5	5	55.59	0	0	1.52	0	0
39	71	16.2	0	0	52.19	0	0	9.6	0	0
40	45	471600	-2400	2400	0	0	0	0	0	0
40	46	59400000	-360000	360000	0	0	0	0	0	0
40	47	6048000	-36000	36000	0	0	0	0	0	0
40	48	7205760000	-25920000	25920000	0	0	0	0	0	0
40	49	282276000	-432000	432000	0	0	0	0	0	0
40	50	999999999999	0	0	0	0	0	0	0	0
40	51	999999999999	0	0	0	0	0	0	0	0
40	52	999999999999	0	0	0	0	0	0	0	0
40	53	999999999999	0	0	0	0	0	0	0	0
40	54	999999999999	0	0	0	0	0	0	0	0
40	55	5532364800	-518400	518400	0	0	0	0	0	0
40	56	999999999999	0	0	0	0	0	0	0	0
40	57	60296400	-28800	28800	0	0	0	0	0	0
40	58	30700	-400	400	0	0	0	0	0	0
40	59	2100	-100	100	0	0	0	0	0	0
40	60	7100	-400	400	0	0	0	0	0	0
40	61	2300	-100	100	0	0	0	0	0	0
40	62	2900	-200	200	0	0	0	0	0	0
40	63	1320	-60	60	0	0	0	0	0	0
40	64	870	-30	30	0.01	0	0	0	0	0
40	65	670	-20	20	0.03	0	0	0	0	0
40	66	175	-7	7	0.71	0	0	0	0	0
40	67	150	-3	3	0.56	0	0	0	0	0
40	68	785	-2	2	1.45	0	0	0	0	0
40	69	56	-3	3	3.19	0	0	0	0	0
40	70	37	-9	17	6.78	0	0	0	0	0
40	71	62.8	0	0	11.09	0	0	1.36	0	0
40	72	46.3	0	0	27.21	0	0	0.3	0	0
41	47	870000	-6600	6600	0	0	0	0	0	0
41	48	7308000	-252000	252000	0	0	0	0	0	0
41	49	52560000	-1800000	1800000	0	0	0	0	0	0
41	50	999999999999	0	0	0	0	0	0	0	0
41	51	999999999999	0	0	0	0	0	0	0	0
41	52	999999999999	0	0	0	0	0	0	0	0
41	53	999999999999	0	0	0	0	0	0	0	0
41	54	3023222400	-518400	518400	0	0	0	0	0	0
41	55	84060000	-180000	180000	0	0	0	0	0	0
41	56	4326000	-42000	42000	0	0	0	0	0	0
41	57	2860	-60	60	0	0	0	0	0	0
41	58	15000	-200	200	0	0	0	0	0	0
41	59	1500	-200	200	0	0	0	0	0	0
41	60	7100	-300	300	0	0	0	0	0	0
41	61	4300	-400	400	0	0	0	0	0	0
41	62	1500	-200	200	0	0	0	0	0	0
41	63	4900	-300	300	0.006	-0.03	0.03	0	0	0
41	64	2950	-60	60	1.7	-0.9	0.9	0	0	0
41	65	1030	-30	30	4.5	-0.3	0.3	0	0	0
41	66	280	-20	20	6	-1.5	1.5	0	0	0
41	67	195	-6	6	6.2	-0.5	0.5	0	0	0
41	68	110	-6	6	31	-5	5	0	0	0
41	69	82	-2	2	40	-8	8	0	0	0
